   1     -0.000000157406887373      0.000000000000000000
   2     -0.000000158759928632      0.000000000000000000
   3     -0.000000160128906695      0.000000000000000000
   4     -0.000000161514064988      0.000000000000000000
   5     -0.000000162915649780      0.000000000000000000
   6     -0.000000164333912102      0.000000000000000000
   7     -0.000000165769107721      0.000000000000000000
   8     -0.000000167221498109      0.000000000000000000
   9     -0.000000168691348179      0.000000000000000000
  10     -0.000000170178929855      0.000000000000000000
  11     -0.000000171684518853      0.000000000000000000
  12     -0.000000173208396259      0.000000000000000000
  13     -0.000000174750848932      0.000000000000000000
  14     -0.000000176312168696      0.000000000000000000
  15     -0.000000177892654077      0.000000000000000000
  16     -0.000000179492609352      0.000000000000000000
  17     -0.000000181112342999      0.000000000000000000
  18     -0.000000182752172445      0.000000000000000000
  19     -0.000000184412419129      0.000000000000000000
  20     -0.000000186093410818      0.000000000000000000
  21     -0.000000187795482718      0.000000000000000000
  22     -0.000000189518976813      0.000000000000000000
  23     -0.000000191264241383      0.000000000000000000
  24     -0.000000193031632602      0.000000000000000000
  25     -0.000000194821511645      0.000000000000000000
  26     -0.000000196634250100      0.000000000000000000
  27     -0.000000198470223452      0.000000000000000000
  28     -0.000000200329818477      0.000000000000000000
  29     -0.000000202213428042      0.000000000000000000
  30     -0.000000204121452244      0.000000000000000000
  31     -0.000000206054300894      0.000000000000000000
  32     -0.000000208012391434      0.000000000000000000
  33     -0.000000209996151545      0.000000000000000000
  34     -0.000000212006014643      0.000000000000000000
  35     -0.000000214042427131      0.000000000000000000
  36     -0.000000216105841775      0.000000000000000000
  37     -0.000000218196721677      0.000000000000000000
  38     -0.000000220315540559      0.000000000000000000
  39     -0.000000222462781028      0.000000000000000000
  40     -0.000000224638936558      0.000000000000000000
  41     -0.000000226844510666      0.000000000000000000
  42     -0.000000229080018693      0.000000000000000000
  43     -0.000000231345987453      0.000000000000000000
  44     -0.000000233642953167      0.000000000000000000
  45     -0.000000235971463706      0.000000000000000000
  46     -0.000000238332081246      0.000000000000000000
  47     -0.000000240725379012      0.000000000000000000
  48     -0.000000243151941802      0.000000000000000000
  49     -0.000000245612368554      0.000000000000000000
  50     -0.000000248107271101      0.000000000000000000
  51     -0.000000250637273624      0.000000000000000000
  52     -0.000000253203017248      0.000000000000000000
  53     -0.000000255805154717      0.000000000000000000
  54     -0.000000258444353773      0.000000000000000000
  55     -0.000000261121298613      0.000000000000000000
  56     -0.000000263836687387      0.000000000000000000
  57     -0.000000266591234766      0.000000000000000000
  58     -0.000000269385670886      0.000000000000000000
  59     -0.000000272220743687      0.000000000000000000
  60     -0.000000275097217704      0.000000000000000000
  61     -0.000000278015875958      0.000000000000000000
  62     -0.000000280977517879      0.000000000000000000
  63     -0.000000283982962764      0.000000000000000000
  64     -0.000000287033047478      0.000000000000000000
  65     -0.000000290128630989      0.000000000000000000
  66     -0.000000293270589600      0.000000000000000000
  67     -0.000000296459821550      0.000000000000000000
  68     -0.000000299697247532      0.000000000000000000
  69     -0.000000302983807001      0.000000000000000000
  70     -0.000000306320463755      0.000000000000000000
  71     -0.000000309708205600      0.000000000000000000
  72     -0.000000313148041685      0.000000000000000000
  73     -0.000000316641004531      0.000000000000000000
  74     -0.000000320188153945      0.000000000000000000
  75     -0.000000323790576379      0.000000000000000000
  76     -0.000000327449379860      0.000000000000000000
  77     -0.000000331165702235      0.000000000000000000
  78     -0.000000334940707104      0.000000000000000000
  79     -0.000000338775587077      0.000000000000000000
  80     -0.000000342671559302      0.000000000000000000
  81     -0.000000346629867593      0.000000000000000000
  82     -0.000000350651778788      0.000000000000000000
  83     -0.000000354738582662      0.000000000000000000
  84     -0.000000358891574180      0.000000000000000000
  85     -0.000000363112045021      0.000000000000000000
  86     -0.000000367401248990      0.000000000000000000
  87     -0.000000371760350305      0.000000000000000000
  88     -0.000000376190328658      0.000000000000000000
  89     -0.000000380691804274      0.000000000000000000
  90     -0.000000385264730450      0.000000000000000000
  91     -0.000000389907844590      0.000000000000000000
  92     -0.000000394617674929      0.000000000000000000
  93     -0.000000399386773987      0.000000000000000000
  94     -0.000000404200519681      0.000000000000000000
  95     -0.000000409031387595      0.000000000000000000
  96     -0.000000413828583508      0.000000000000000000
  97     -0.000000418499345287      0.000000000000000000
  98     -0.000000422875058500      0.000000000000000000
  99     -0.000000426649806463      0.000000000000000000
 100     -0.000000429268644543      0.000000000000000000
 101     -0.000000429724064691      0.000000000000000000
 102     -0.000000426184372797      0.000000000000000000
 103     -0.000000415313606813      0.000000000000000000
 104     -0.000000391024059114      0.000000000000000000
 105     -0.000000342182391222      0.000000000000000000
 106     -0.000000248380962636      0.000000000000000000
 107     -0.000000072122053992      0.000000000000000000
 108      0.000000255667067476      0.000000000000000000
 109      0.000000862554233582      0.000000000000000000
 110      0.000001984777912957      0.000000000000000000
 111      0.000004061046361308      0.000000000000000000
 112      0.000007908421606454      0.000000000000000001
 113      0.000015053137547694      0.000000000000000000
 114      0.000028354736433235      0.000000000000000001
 115      0.000053187065631876      0.000000000000000000
 116      0.000099678967292179      0.000000000000000000
 117      0.000186974721956673      0.000000000000000001
 118      0.000351344917438883      0.000000000000000000
 119      0.000661622329211928      0.000000000000000000
 120      0.001248489953727251      0.000000000000000001
 121      0.002359639578047750      0.000000000000000001
 122      0.004462115120087064      0.000000000000000001
 123      0.008427018020442215      0.000000000000000000
 124      0.015846416885536431      0.000000000000000000
 125      0.029527633100906781      0.000000000000000001
 126      0.054123308421466142      0.000000000000000001
 127      0.096554112817770724      0.000000000000000000
 128      0.165250798293733098      0.000000000000000000
 129      0.266704561325851242      0.000000000000000001
 130      0.399141583941880262      0.000000000000000005
 131      0.547827458282407087     -0.000000000000000003
 132      0.689353118425572675      0.000000000000000003
 133      0.804058037122446057     -0.000000000000000004
 134      0.884898832693363446      0.000000000000000007
 135      0.935937183409058626      0.000000000000000000
 136      0.965680342530902514     -0.000000000000000001
 137      0.982084421815926589      0.000000000000000000
 138      0.990806927387485326      0.000000000000000001
 139      0.995335902535345318      0.000000000000000000
 140      0.997651511720208384     -0.000000000000000001
 141      0.998823547794101207      0.000000000000000001
 142      0.999412719074349587      0.000000000000000001
 143      0.999707435929316435      0.000000000000000000
 144      0.999854295421398920      0.000000000000000001
 145      0.999927236588566415     -0.000000000000000001
 146      0.999963353717145509      0.000000000000000001
 147      0.999981182868559304      0.000000000000000000
 148      0.999989956456701412      0.000000000000000000
 149      0.999994259454943579      0.000000000000000000
 150      0.999996362312493892      0.000000000000000000
 151      0.999997386025831991      0.000000000000000000
 152      0.999997882339138555      0.000000000000000000
 153      0.999998121903917347      0.000000000000000000
 154      0.999998237003138168      0.000000000000000000
 155      0.999998292037236558      0.000000000000000000
 156      0.999998318225728933      0.000000000000000000
 157      0.999998330633713906      0.000000000000000000
 158      0.999998336495065088      0.000000000000000000
 159      0.999998339264933978      0.000000000000000000
 160      0.999998340584202672      0.000000000000000000
 161      0.999998341227441023      0.000000000000000000
 162      0.999998341557844728      0.000000000000000000
 163      0.999998341744546271      0.000000000000000000
 164      0.999998341865696361      0.000000000000000000
 165      0.999998341957129333      0.000000000000000000
 166      0.999998342035109622      0.000000000000000000
 167      0.999998342106977023      0.000000000000000000
 168      0.999998342175976829      0.000000000000000000
 169      0.999998342243542115      0.000000000000000000
 170      0.999998342310301158      0.000000000000000000
 171      0.999998342376529847      0.000000000000000000
 172      0.999998342442317778      0.000000000000000000
 173      0.999998342507736004      0.000000000000000000
 174      0.999998342572782084      0.000000000000000000
 175      0.999998342637470783      0.000000000000000000
 176      0.999998342701804876      0.000000000000000000
 177      0.999998342765782811      0.000000000000000000
 178      0.999998342829399145      0.000000000000000000
 179      0.999998342892673420      0.000000000000000000
 180      0.999998342955576769      0.000000000000000000
 181      0.999998343018116631      0.000000000000000000
 182      0.999998343080310881      0.000000000000000000
 183      0.999998343142139423      0.000000000000000000
 184      0.999998343203604589      0.000000000000000000
 185      0.999998343264714151      0.000000000000000000
 186      0.999998343325456673      0.000000000000000000
 187      0.999998343385832267      0.000000000000000000
 188      0.999998343445854587      0.000000000000000000
 189      0.999998343505506093      0.000000000000000000
 190      0.999998343564790337      0.000000000000000000
 191      0.999998343623703989      0.000000000000000000
 192      0.999998343682255375      0.000000000000000000
 193      0.999998343740439832      0.000000000000000000
 194      0.999998343798257028      0.000000000000000000
 195      0.999998343855695970      0.000000000000000000
 196      0.999998343912768317      0.000000000000000000
 197      0.999998343969471959      0.000000000000000000
 198      0.999998344025800456      0.000000000000000000
 199      0.999998344081759583      0.000000000000000000
 200      0.999998344137347672      0.000000000000000000
 201      0.999998344192560285      0.000000000000000000
 202      0.999998344247391757      0.000000000000000000
 203      0.999998344301855191      0.000000000000000000
 204      0.999998344355937929      0.000000000000000000
 205      0.999998344409644746      0.000000000000000000
 206      0.999998344462973421      0.000000000000000000
 207      0.999998344515926285      0.000000000000000000
 208      0.999998344568493236      0.000000000000000000
 209      0.999998344620683710      0.000000000000000000
 210      0.999998344672490491      0.000000000000000000
 211      0.999998344723929344      0.000000000000000000
 212      0.999998344774965409      0.000000000000000000
 213      0.999998344825635987      0.000000000000000000
 214      0.999998344875923206      0.000000000000000000
 215      0.999998344925817628      0.000000000000000000
 216      0.999998344975324915      0.000000000000000000
 217      0.999998345024457169      0.000000000000000000
 218      0.999998345073194961      0.000000000000000000
 219      0.999998345121552168      0.000000000000000000
 220      0.999998345169517577      0.000000000000000000
 221      0.999998345217093410      0.000000000000000000
 222      0.999998345264288102      0.000000000000000000
 223      0.999998345311094994      0.000000000000000000
 224      0.999998345357504093      0.000000000000000000
 225      0.999998345403525279      0.000000000000000000
 226      0.999998345449148784      0.000000000000000000
 227      0.999998345494391594      0.000000000000000000
 228      0.999998345539234834      0.000000000000000000
 229      0.999998345583688386      0.000000000000000000
 230      0.999998345627746477      0.000000000000000000
 231      0.999998345671410660      0.000000000000000000
 232      0.999998345714681158      0.000000000000000000
 233      0.999998345757555751      0.000000000000000000
 234      0.999998345800035437      0.000000000000000000
 235      0.999998345842117997      0.000000000000000000
 236      0.999998345883802875      0.000000000000000000
 237      0.999998345925092846      0.000000000000000000
 238      0.999998345965976476      0.000000000000000000
 239      0.999998346006469530      0.000000000000000000
 240      0.999998346046563014      0.000000000000000000
 241      0.999998346086251821      0.000000000000000000
 242      0.999998346125544946      0.000000000000000000
 243      0.999998346164432728      0.000000000000000000
 244      0.999998346202924049      0.000000000000000000
 245      0.999998346241011693      0.000000000000000000
 246      0.999998346278694772      0.000000000000000000
 247      0.999998346315970843      0.000000000000000000
 248      0.999998346352852008      0.000000000000000000
 249      0.999998346389323722      0.000000000000000000
 250      0.999998346425390316      0.000000000000000000
 251      0.999998346461046239      0.000000000000000000
 252      0.999998346496309698      0.000000000000000000
 253      0.999998346531158155      0.000000000000000000
 254      0.999998346565603935      0.000000000000000000
 255      0.999998346599643484      0.000000000000000000
 256      0.999998346633270030      0.000000000000000000
 257      0.999998346666494675      0.000000000000000000
 258      0.999998346699304763      0.000000000000000000
 259      0.999998346731713172      0.000000000000000000
 260      0.999998346763707135      0.000000000000000000
 261      0.999998346795293203      0.000000000000000000
 262      0.999998346826466822      0.000000000000000000
 263      0.999998346857232989      0.000000000000000000
 264      0.999998346887583822      0.000000000000000000
 265      0.999998346917524872      0.000000000000000000
 266      0.999998346947062910      0.000000000000000000
 267      0.999998346976174513      0.000000000000000000
 268      0.999998347004880217      0.000000000000000000
 269      0.999998347033177692      0.000000000000000000
 270      0.999998347061050841      0.000000000000000000
 271      0.999998347088513762      0.000000000000000000
 272      0.999998347115563679      0.000000000000000000
 273      0.999998347142198818      0.000000000000000000
 274      0.999998347168419954      0.000000000000000000
 275      0.999998347194222759      0.000000000000000000
 276      0.999998347219618444      0.000000000000000000
 277      0.999998347244590025      0.000000000000000000
 278      0.999998347269139498      0.000000000000000000
 279      0.999998347293282630      0.000000000000000000
 280      0.999998347317001102      0.000000000000000000
 281      0.999998347340306792      0.000000000000000000
 282      0.999998347363192375      0.000000000000000000
 283      0.999998347385658848      0.000000000000000000
 284      0.999998347407710098      0.000000000000000000
 285      0.999998347429338019      0.000000000000000000
 286      0.999998347450555714      0.000000000000000000
 287      0.999998347471342419      0.000000000000000000
 288      0.999998347491716566      0.000000000000000000
 289      0.999998347511669827      0.000000000000000000
 290      0.999998347531202869      0.000000000000000000
 291      0.999998347550317135      0.000000000000000000
 292      0.999998347569006074      0.000000000000000000
 293      0.999998347587275904      0.000000000000000000
 294      0.999998347605125404      0.000000000000000000
 295      0.999998347622558237      0.000000000000000000
 296      0.999998347639561747      0.000000000000000000
 297      0.999998347656148923      0.000000000000000000
 298      0.999998347672308330      0.000000000000000000
 299      0.999998347688048295      0.000000000000000000
 300      0.999998347703356938      0.000000000000000000
 301      0.999998347718253355      0.000000000000000000
 302      0.999998347732727444      0.000000000000000000
 303      0.999998347746773875      0.000000000000000000
 304      0.999998347760395201      0.000000000000000000
 305      0.999998347773592755      0.000000000000000000
 306      0.999998347786364428      0.000000000000000000
 307      0.999998347798721543      0.000000000000000000
 308      0.999998347810645227      0.000000000000000000
 309      0.999998347822148914      0.000000000000000000
 310      0.999998347833219503      0.000000000000000000
 311      0.999998347843873425      0.000000000000000000
 312      0.999998347854103797      0.000000000000000000
 313      0.999998347863911174      0.000000000000000000
 314      0.999998347873287563      0.000000000000000000
 315      0.999998347882243732      0.000000000000000000
 316      0.999998347890764583      0.000000000000000000
 317      0.999998347898861217      0.000000000000000000
 318      0.999998347906540408      0.000000000000000000
 319      0.999998347913790608      0.000000000000000000
 320      0.999998347920619812      0.000000000000000000
 321      0.999998347927012698      0.000000000000000000
 322      0.999998347932984033      0.000000000000000000
 323      0.999998347938529930      0.000000000000000000
 324      0.999998347943655053      0.000000000000000000
 325      0.999998347948338528      0.000000000000000000
 326      0.999998347952607003      0.000000000000000000
 327      0.999998347956438938      0.000000000000000000
 328      0.999998347959862866      0.000000000000000000
 329      0.999998347962852474      0.000000000000000000
 330      0.999998347965416534      0.000000000000000000
 331      0.999998347967546497      0.000000000000000000
 332      0.999998347969258239      0.000000000000000000
 333      0.999998347970532442      0.000000000000000000
 334      0.999998347971386203      0.000000000000000000
 335      0.999998347971806534      0.000000000000000000
 336      0.999998347971815416      0.000000000000000000
 337      0.999998347971389756      0.000000000000000000
 338      0.999998347970532553      0.000000000000000000
 339      0.999998347969257462      0.000000000000000000
 340      0.999998347967552048      0.000000000000000000
 341      0.999998347965422418      0.000000000000000000
 342      0.999998347962852696      0.000000000000000000
 343      0.999998347959871081      0.000000000000000000
 344      0.999998347956451594      0.000000000000000000
 345      0.999998347952611888      0.000000000000000000
 346      0.999998347948351518      0.000000000000000000
 347      0.999998347943653387      0.000000000000000000
 348      0.999998347938535814      0.000000000000000000
 349      0.999998347932993026      0.000000000000000000
 350      0.999998347927018805      0.000000000000000000
 351      0.999998347920620367      0.000000000000000000
 352      0.999998347913799712      0.000000000000000000
 353      0.999998347906552509      0.000000000000000000
 354      0.999998347898868434      0.000000000000000000
 355      0.999998347890772576      0.000000000000000000
 356      0.999998347882253946      0.000000000000000000
 357      0.999998347873297444      0.000000000000000000
 358      0.999998347863925274      0.000000000000000000
 359      0.999998347854117453      0.000000000000000000
 360      0.999998347843883306      0.000000000000000000
 361      0.999998347833241263      0.000000000000000000
 362      0.999998347822160349      0.000000000000000000
 363      0.999998347810655996      0.000000000000000000
 364      0.999998347798735421      0.000000000000000000
 365      0.999998347786380970      0.000000000000000000
 366      0.999998347773599972      0.000000000000000000
 367      0.999998347760404638      0.000000000000000000
 368      0.999998347746787641      0.000000000000000000
 369      0.999998347732734660      0.000000000000000000
 370      0.999998347718266234      0.000000000000000000
 371      0.999998347703371149      0.000000000000000000
 372      0.999998347688053957      0.000000000000000000
 373      0.999998347672325427      0.000000000000000000
 374      0.999998347656166020      0.000000000000000000
 375      0.999998347639571517      0.000000000000000000
 376      0.999998347622573336      0.000000000000000000
 377      0.999998347605144833      0.000000000000000000
 378      0.999998347587296110      0.000000000000000000
 379      0.999998347569027835      0.000000000000000000
 380      0.999998347550329791      0.000000000000000000
 381      0.999998347531224629      0.000000000000000000
 382      0.999998347511694030      0.000000000000000000
 383      0.999998347491735551      0.000000000000000000
 384      0.999998347471366733      0.000000000000000000
 385      0.999998347450569147      0.000000000000000000
 386      0.999998347429364109      0.000000000000000000
 387      0.999998347407726751      0.000000000000000000
 388      0.999998347385683828      0.000000000000000000
 389      0.999998347363214135      0.000000000000000000
 390      0.999998347340328109      0.000000000000000000
 391      0.999998347317022418      0.000000000000000000
 392      0.999998347293300838      0.000000000000000000
 393      0.999998347269164145      0.000000000000000000
 394      0.999998347244610675      0.000000000000000000
 395      0.999998347219632988      0.000000000000000000
 396      0.999998347194244852      0.000000000000000000
 397      0.999998347168443935      0.000000000000000000
 398      0.999998347142226796      0.000000000000000000
 399      0.999998347115586217      0.000000000000000000
 400      0.999998347088539741      0.000000000000000000
 401      0.999998347061075377      0.000000000000000000
 402      0.999998347033198454      0.000000000000000000
 403      0.999998347004901200      0.000000000000000000
 404      0.999998346976207375      0.000000000000000000
 405      0.999998346947088779      0.000000000000000000
 406      0.999998346917557734      0.000000000000000000
 407      0.999998346887621681      0.000000000000000000
 408      0.999998346857268405      0.000000000000000000
 409      0.999998346826499573      0.000000000000000000
 410      0.999998346795319182      0.000000000000000000
 411      0.999998346763744994      0.000000000000000000
 412      0.999998346731745702      0.000000000000000000
 413      0.999998346699347729      0.000000000000000000
 414      0.999998346666525872      0.000000000000000000
 415      0.999998346633307111      0.000000000000000000
 416      0.999998346599677013      0.000000000000000000
 417      0.999998346565637131      0.000000000000000000
 418      0.999998346531196014      0.000000000000000000
 419      0.999998346496343116      0.000000000000000000
 420      0.999998346461088539      0.000000000000000000
 421      0.999998346425425066      0.000000000000000000
 422      0.999998346389359694      0.000000000000000000
 423      0.999998346352886092      0.000000000000000000
 424      0.999998346316016251      0.000000000000000000
 425      0.999998346278726080      0.000000000000000000
 426      0.999998346241043334      0.000000000000000000
 427      0.999998346202958244      0.000000000000000000
 428      0.999998346164472141      0.000000000000000000
 429      0.999998346125581250      0.000000000000000000
 430      0.999998346086293788      0.000000000000000000
 431      0.999998346046603426      0.000000000000000000
 432      0.999998346006512384      0.000000000000000000
 433      0.999998345966023217      0.000000000000000000
 434      0.999998345925135146      0.000000000000000000
 435      0.999998345883846840      0.000000000000000000
 436      0.999998345842162739      0.000000000000000000
 437      0.999998345800080068      0.000000000000000000
 438      0.999998345757602825      0.000000000000000000
 439      0.999998345714723014      0.000000000000000000
 440      0.999998345671460509      0.000000000000000000
 441      0.999998345627790108      0.000000000000000000
 442      0.999998345583732462      0.000000000000000000
 443      0.999998345539278355      0.000000000000000000
 444      0.999998345494433671      0.000000000000000000
 445      0.999998345449203407      0.000000000000000000
 446      0.999998345403575017      0.000000000000000000
 447      0.999998345357546836      0.000000000000000000
 448      0.999998345311132852      0.000000000000000000
 449      0.999998345264332067      0.000000000000000000
 450      0.999998345217143481      0.000000000000000000
 451      0.999998345169565095      0.000000000000000000
 452      0.999998345121597687      0.000000000000000000
 453      0.999998345073250361      0.000000000000000000
 454      0.999998345024500690      0.000000000000000000
 455      0.999998344975380760      0.000000000000000000
 456      0.999998344925859373      0.000000000000000000
 457      0.999998344875966505      0.000000000000000000
 458      0.999998344825689389      0.000000000000000000
 459      0.999998344775017589      0.000000000000000000
 460      0.999998344723969868      0.000000000000000000
 461      0.999998344672541228      0.000000000000000000
 462      0.999998344620732116      0.000000000000000000
 463      0.999998344568542974      0.000000000000000000
 464      0.999998344515972692      0.000000000000000000
 465      0.999998344463024935      0.000000000000000000
 466      0.999998344409696149      0.000000000000000000
 467      0.999998344355991997      0.000000000000000000
 468      0.999998344301909148      0.000000000000000000
 469      0.999998344247449156      0.000000000000000000
 470      0.999998344192611244      0.000000000000000000
 471      0.999998344137402517      0.000000000000000000
 472      0.999998344081819091      0.000000000000000000
 473      0.999998344025853525      0.000000000000000000
 474      0.999998343969528691      0.000000000000000000
 475      0.999998343912832044      0.000000000000000000
 476      0.999998343855755811      0.000000000000000000
 477      0.999998343798304545      0.000000000000000000
 478      0.999998343740495343      0.000000000000000000
 479      0.999998343682314550      0.000000000000000000
 480      0.999998343623770936      0.000000000000000000
 481      0.999998343564849179      0.000000000000000000
 482      0.999998343505563492      0.000000000000000000
 483      0.999998343445916649      0.000000000000000000
 484      0.999998343385904653      0.000000000000000000
 485      0.999998343325526284      0.000000000000000000
 486      0.999998343264774436      0.000000000000000000
 487      0.999998343203670981      0.000000000000000000
 488      0.999998343142199264      0.000000000000000000
 489      0.999998343080372165      0.000000000000000000
 490      0.999998343018186242      0.000000000000000000
 491      0.999998342955638386      0.000000000000000000
 492      0.999998342892729930      0.000000000000000000
 493      0.999998342829466313      0.000000000000000000
 494      0.999998342765843762      0.000000000000000000
 495      0.999998342701864606      0.000000000000000000
 496      0.999998342637532733      0.000000000000000000
 497      0.999998342572847809      0.000000000000000000
 498      0.999998342507796623      0.000000000000000000
 499      0.999998342442389276      0.000000000000000000
 500      0.999998342376595462      0.000000000000000000
 501      0.999998342310374655      0.000000000000000000
 502      0.999998342243609284      0.000000000000000000
 503      0.999998342176038890      0.000000000000000000
 504      0.999998342107044969      0.000000000000000000
 505      0.999998342035194776      0.000000000000000000
 506      0.999998341957210490      0.000000000000000000
 507      0.999998341865779405      0.000000000000000000
 508      0.999998341744617547      0.000000000000000000
 509      0.999998341557922665      0.000000000000000000
 510      0.999998341227514964      0.000000000000000000
 511      0.999998340584283163      0.000000000000000000
 512      0.999998339265009362      0.000000000000000000
 513      0.999998336495149132      0.000000000000000000
 514      0.999998330633795063      0.000000000000000000
 515      0.999998318225807648     -0.000000000000000001
 516      0.999998292037318603      0.000000000000000000
 517      0.999998237003220436      0.000000000000000000
 518      0.999998121903996506      0.000000000000000000
 519      0.999997882339223820      0.000000000000000000
 520      0.999997386025909596      0.000000000000000000
 521      0.999996362312573273      0.000000000000000001
 522      0.999994259455027068      0.000000000000000001
 523      0.999989956456788343      0.000000000000000000
 524      0.999981182868655671      0.000000000000000000
 525      0.999963353717233994      0.000000000000000000
 526      0.999927236588655677     -0.000000000000000001
 527      0.999854295421491068      0.000000000000000000
 528      0.999707435929407695     -0.000000000000000001
 529      0.999412719074451394      0.000000000000000001
 530      0.998823547794197242      0.000000000000000001
 531      0.997651511720312967      0.000000000000000001
 532      0.995335902535452344      0.000000000000000000
 533      0.990806927387592018     -0.000000000000000001
 534      0.982084421816039943      0.000000000000000000
 535      0.965680342531016533     -0.000000000000000001
 536      0.935937183409181972      0.000000000000000000
 537      0.884898832693483905     -0.000000000000000002
 538      0.804058037122567515      0.000000000000000001
 539      0.689353118425692357     -0.000000000000000003
 540      0.547827458282516999     -0.000000000000000002
 541      0.399141583941965417      0.000000000000000000
 542      0.266704561325904865      0.000000000000000003
 543      0.165250798293748197      0.000000000000000001
 544      0.096554112817776455      0.000000000000000002
 545      0.054123308421463658     -0.000000000000000001
 546      0.029527633100896070      0.000000000000000002
 547      0.015846416885520111      0.000000000000000002
 548      0.008427018020424552      0.000000000000000000
 549      0.004462115120066859     -0.000000000000000001
 550      0.002359639578025942     -0.000000000000000001
 551      0.001248489953704377      0.000000000000000000
 552      0.000661622329189438      0.000000000000000000
 553      0.000351344917415542      0.000000000000000000
 554      0.000186974721931916      0.000000000000000000
 555      0.000099678967267741     -0.000000000000000001
 556      0.000053187065607554     -0.000000000000000001
 557      0.000028354736409299      0.000000000000000000
 558      0.000015053137524137      0.000000000000000000
 559      0.000007908421582985      0.000000000000000000
 560      0.000004061046336935      0.000000000000000000
 561      0.000001984777888385      0.000000000000000000
 562      0.000000862554209673      0.000000000000000000
 563      0.000000255667042584      0.000000000000000000
 564     -0.000000072122078444      0.000000000000000000
 565     -0.000000248380986648      0.000000000000000000
 566     -0.000000342182414856      0.000000000000000000
 567     -0.000000391024082636     -0.000000000000000001
 568     -0.000000415313631287      0.000000000000000000
 569     -0.000000426184396517      0.000000000000000000
 570     -0.000000429724088561      0.000000000000000001
 571     -0.000000429268667932      0.000000000000000000
 572     -0.000000426649830102      0.000000000000000000
 573     -0.000000422875082422      0.000000000000000000
 574     -0.000000418499368947      0.000000000000000000
 575     -0.000000413828607242      0.000000000000000000
 576     -0.000000409031410323      0.000000000000000000
 577     -0.000000404200542711      0.000000000000000000
 578     -0.000000399386795876      0.000000000000000000
 579     -0.000000394617697382      0.000000000000000000
 580     -0.000000389907866348      0.000000000000000000
 581     -0.000000385264752885      0.000000000000000000
 582     -0.000000380691825774      0.000000000000000000
 583     -0.000000376190349985      0.000000000000000000
 584     -0.000000371760372295      0.000000000000000000
 585     -0.000000367401271066      0.000000000000000000
 586     -0.000000363112067261      0.000000000000000000
 587     -0.000000358891595703      0.000000000000000000
 588     -0.000000354738604372      0.000000000000000000
 589     -0.000000350651799734      0.000000000000000000
 590     -0.000000346629887857      0.000000000000000000
 591     -0.000000342671579801      0.000000000000000000
 592     -0.000000338775608078      0.000000000000000000
 593     -0.000000334940728167      0.000000000000000000
 594     -0.000000331165723069      0.000000000000000000
 595     -0.000000327449400619      0.000000000000000000
 596     -0.000000323790596626      0.000000000000000000
 597     -0.000000320188174814      0.000000000000000000
 598     -0.000000316641024637      0.000000000000000000
 599     -0.000000313148061443      0.000000000000000000
 600     -0.000000309708226571      0.000000000000000000
 601     -0.000000306320484172      0.000000000000000000
 602     -0.000000302983826540      0.000000000000000000
 603     -0.000000299697267116      0.000000000000000000
 604     -0.000000296459841790      0.000000000000000000
 605     -0.000000293270609036      0.000000000000000000
 606     -0.000000290128650378      0.000000000000000000
 607     -0.000000287033067180      0.000000000000000000
 608     -0.000000283982981576      0.000000000000000000
 609     -0.000000280977537547      0.000000000000000000
 610     -0.000000278015895157      0.000000000000000000
 611     -0.000000275097236698      0.000000000000000000
 612     -0.000000272220762638      0.000000000000000000
 613     -0.000000269385689074      0.000000000000000000
 614     -0.000000266591252932      0.000000000000000000
 615     -0.000000263836705793      0.000000000000000000
 616     -0.000000261121316606      0.000000000000000000
 617     -0.000000258444372139      0.000000000000000000
 618     -0.000000255805172857      0.000000000000000000
 619     -0.000000253203035272      0.000000000000000000
 620     -0.000000250637291554      0.000000000000000000
 621     -0.000000248107288190      0.000000000000000000
 622     -0.000000245612386296      0.000000000000000000
 623     -0.000000243151959164      0.000000000000000000
 624     -0.000000240725396008      0.000000000000000000
 625     -0.000000238332098797      0.000000000000000000
 626     -0.000000235971481173      0.000000000000000000
 627     -0.000000233642970242      0.000000000000000000
 628     -0.000000231346004529      0.000000000000000000
 629     -0.000000229080036045      0.000000000000000000
 630     -0.000000226844528050      0.000000000000000000
 631     -0.000000224638953113      0.000000000000000000
 632     -0.000000222462798053      0.000000000000000000
 633     -0.000000220315556730      0.000000000000000000
 634     -0.000000218196738360      0.000000000000000000
 635     -0.000000216105857705      0.000000000000000000
 636     -0.000000214042443543      0.000000000000000000
 637     -0.000000212006031344      0.000000000000000000
 638     -0.000000209996166888      0.000000000000000000
 639     -0.000000208012407579      0.000000000000000000
 640     -0.000000206054316910      0.000000000000000000
 641     -0.000000204121468033      0.000000000000000000
 642     -0.000000202213443453      0.000000000000000000
 643     -0.000000200329834355      0.000000000000000000
 644     -0.000000198470238674      0.000000000000000000
 645     -0.000000196634265237      0.000000000000000000
 646     -0.000000194821527291      0.000000000000000000
 647     -0.000000193031648302      0.000000000000000000
 648     -0.000000191264257601      0.000000000000000000
 649     -0.000000189518992436      0.000000000000000000
 650     -0.000000187795497956      0.000000000000000000
 651     -0.000000186093425441      0.000000000000000000
 652     -0.000000184412433944      0.000000000000000000
 653     -0.000000182752187437      0.000000000000000000
 654     -0.000000181112357777      0.000000000000000000
 655     -0.000000179492623892      0.000000000000000000
 656     -0.000000177892668746      0.000000000000000000
 657     -0.000000176312182896      0.000000000000000000
 658     -0.000000174750863046      0.000000000000000000
 659     -0.000000173208410705      0.000000000000000000
 660     -0.000000171684533255      0.000000000000000000
 661     -0.000000170178944321      0.000000000000000000
 662     -0.000000168691362537      0.000000000000000000
 663     -0.000000167221512223      0.000000000000000000
 664     -0.000000165769121901      0.000000000000000000
 665     -0.000000164333926333      0.000000000000000000
 666     -0.000000162915663623      0.000000000000000000
 667     -0.000000161514078817      0.000000000000000000
 668     -0.000000160128920840      0.000000000000000000
 669     -0.000000158759942043      0.000000000000000000
 670     -0.000000157406901165      0.000000000000000000
